initial_joint_positions:
  j2s7s300:
    joint_1: 0.0
    joint_2: 3.14159265359
    joint_3: 0.0
    joint_4: 3.14159265359
    joint_5: 0.0
    joint_6: 3.14159265359
    joint_7: 0.0
  kinova_3fingers:
    joint_1: 0.0
    joint_2: 0.0
    joint_3: 0.0
